MAE: 0.0217753816395998
MAPE: 0.02289455570280552
MSE: 0.0006206627003848553
RMSE: 0.024913102985875832
