MAE: 0.01513607706874609
MAPE: 0.016180112957954407
MSE: 0.0002993861853610724
RMSE: 0.017302779700414394
