MAE: 0.01882457546889782
MAPE: 0.019713249057531357
MSE: 0.0005950847407802939
RMSE: 0.024394358790103376
