MAE: 0.010901156812906265
MAPE: 0.011474293656647205
MSE: 0.00021784754062537104
RMSE: 0.014759659231343081
