MAE: 0.00947254803031683
MAPE: 0.010141800157725811
MSE: 0.00014613896200899035
RMSE: 0.012088794894818521
