MAE: 0.0047697522677481174
MAPE: 0.0048786369152367115
MSE: 4.917559999739751e-05
RMSE: 0.007012531639671761
