MAE: 0.009420931339263916
MAPE: 0.010023204609751701
MSE: 0.00013896930613555014
RMSE: 0.011788524340881268
