MAE: 0.005144346505403519
MAPE: 0.005285100545734167
MSE: 4.662521678255871e-05
RMSE: 0.00682826601580216
