MAE: 0.01186742726713419
MAPE: 0.01244410965591669
MSE: 0.00020842411322519183
RMSE: 0.014436901094943881
