MAE: 0.013618920929729939
MAPE: 0.014105502516031265
MSE: 0.0002734725421760231
RMSE: 0.016537005236016075
